1 BaseStation 400 510 3.14 0 75 1000 BaseStation 1 1
2 A 385 510 3.14 50 75 1000 Explorer 1 1
3 B 415 510 3.14 50 75 1000 Explorer 1 1
4 C 385 520 3.14 50 75 1000 Explorer 1 1
5 D 415 520 3.14 50 75 1000 Explorer 1 1
6 E 385 500 3.14 50 75 1000 Explorer 1 1
7 F 415 500 3.14 50 75 1000 Explorer 1 1
8 G 400 520 3.14 50 75 1000 Explorer 1 1
9 H 400 500 3.14 50 75 1000 Explorer 1 1
10 I 400 490 3.14 50 75 1000 Explorer 1 1
11 J 400 530 3.14 50 75 1000 Explorer 1 1
12 K 385 490 3.14 50 75 1000 Explorer 1 1
13 L 415 490 3.14 50 75 1000 Explorer 1 1
