1 BaseStation 660 510 3.14 0 75 1000 BaseStation 1 1
2 A 645 510 3.14 50 75 1000 Explorer 1 1
3 B 675 510 3.14 50 75 1000 Explorer 1 1
4 C 645 520 3.14 50 75 1000 Explorer 1 1
5 D 675 520 3.14 50 75 1000 Explorer 1 1
6 E 645 500 3.14 50 75 1000 Explorer 1 1
7 F 675 500 3.14 50 75 1000 Explorer 1 1
8 G 660 520 3.14 50 75 1000 Explorer 1 1
9 H 660 500 3.14 50 75 1000 Explorer 1 1
10 I 660 490 3.14 50 75 1000 Explorer 1 1
11 J 660 530 3.14 50 75 1000 Explorer 1 1
12 K 645 490 3.14 50 75 1000 Explorer 1 1
13 L 675 490 3.14 50 75 1000 Explorer 1 1
