1 BaseStation 50 310 0.0 0 75 1000 BaseStation 1 1
2 A 35 310 0.0 50 75 1000 Explorer 1 1
3 B 65 310 0.0 50 75 1000 Explorer 1 1
4 C 35 320 0.0 50 75 1000 Explorer 1 1
5 D 65 320 0.0 50 75 1000 Explorer 1 1
6 E 35 300 0.0 50 75 1000 Explorer 1 1
7 F 65 300 0.0 50 75 1000 Explorer 1 1
8 G 50 320 0.0 50 75 1000 Explorer 1 1
9 H 50 300 0.0 50 75 1000 Explorer 1 1
10 I 50 290 0.0 50 75 1000 Explorer 1 1
11 J 50 330 0.0 50 75 1000 Explorer 1 1
12 K 35 290 0.0 50 75 1000 Explorer 1 1
13 L 65 290 0.0 50 75 1000 Explorer 1 1
