1 BaseStation 650 510 0.0 0 75 1000 BaseStation 1 1
2 A 635 510 -1.57 50 75 1000 Explorer 1 1
3 B 665 510 -1.57 50 75 1000 Explorer 1 1
4 C 635 520 -1.57 50 75 1000 Explorer 1 1
5 D 665 520 -1.57 50 75 1000 Explorer 1 1
6 E 635 500 -1.57 50 75 1000 Explorer 1 1
7 F 665 500 -1.57 50 75 1000 Explorer 1 1
8 G 650 520 -1.57 50 75 1000 Explorer 1 1
9 H 650 500 -1.57 50 75 1000 Explorer 1 1
10 I 650 490 -1.57 50 75 1000 Explorer 1 1
11 J 650 530 -1.57 50 75 1000 Explorer 1 1
12 K 635 490 -1.57 50 75 1000 Explorer 1 1
13 L 665 490 -1.57 50 75 1000 Explorer 1 1
