1 BaseStation 385 290 0.0 0 200 1000 BaseStation 1 1
2 A 370 290 0.0 100 200 1000 Explorer 1 1
3 B 400 290 0.0 100 200 1000 Explorer 1 1
4 C 370 300 0.0 100 200 1000 Explorer 1 1
5 D 400 300 0.0 100 200 1000 Explorer 1 1
6 E 370 280 0.0 100 200 1000 Explorer 1 1
7 F 400 280 0.0 100 200 1000 Explorer 1 1
8 G 385 300 0.0 100 200 1000 Explorer 1 1
9 H 385 280 0.0 100 200 1000 Explorer 1 1
10 I 385 270 0.0 100 200 1000 Explorer 1 1
11 J 385 310 0.0 100 200 1000 Explorer 1 1
12 K 370 270 0.0 100 200 1000 Explorer 1 1
13 L 400 270 0.0 100 200 1000 Explorer 1 1
