1 BaseStation 150 110 0.0 0 75 1000 BaseStation 1 1
2 A 135 110 1.57 50 75 1000 Explorer 1 1
3 B 165 110 1.57 50 75 1000 Explorer 1 1
4 C 135 120 1.57 50 75 1000 Explorer 1 1
5 D 165 120 1.57 50 75 1000 Explorer 1 1
6 E 135 100 1.57 50 75 1000 Explorer 1 1
7 F 165 100 1.57 50 75 1000 Explorer 1 1
8 G 150 120 1.57 50 75 1000 Explorer 1 1
9 H 150 100 1.57 50 75 1000 Explorer 1 1
10 I 150 90 1.57 50 75 1000 Explorer 1 1
11 J 150 130 1.57 50 75 1000 Explorer 1 1
12 K 135 90 1.57 50 75 1000 Explorer 1 1
13 L 165 90 1.57 50 75 1000 Explorer 1 1
