1 BaseStation 220 550 0.0 0 75 1000 BaseStation 1 1
2 A 205 550 -1.57 50 75 1000 Explorer 1 1
3 B 235 550 -1.57 50 75 1000 Explorer 1 1
4 C 205 560 -1.57 50 75 1000 Explorer 1 1
5 D 235 560 -1.57 50 75 1000 Explorer 1 1
6 E 205 540 -1.57 50 75 1000 Explorer 1 1
7 F 235 540 -1.57 50 75 1000 Explorer 1 1
8 G 220 560 -1.57 50 75 1000 Explorer 1 1
9 H 220 540 -1.57 50 75 1000 Explorer 1 1
10 I 220 530 -1.57 50 75 1000 Explorer 1 1
11 J 220 570 -1.57 50 75 1000 Explorer 1 1
12 K 205 530 -1.57 50 75 1000 Explorer 1 1
13 L 235 530 -1.57 50 75 1000 Explorer 1 1
