1 BaseStation 660 310 3.14 0 75 1000 BaseStation 1 1
2 A 645 310 3.14 50 75 1000 Explorer 1 1
3 B 675 310 3.14 50 75 1000 Explorer 1 1
4 C 645 320 3.14 50 75 1000 Explorer 1 1
5 D 675 320 3.14 50 75 1000 Explorer 1 1
6 E 645 300 3.14 50 75 1000 Explorer 1 1
7 F 675 300 3.14 50 75 1000 Explorer 1 1
8 G 660 320 3.14 50 75 1000 Explorer 1 1
9 H 660 300 3.14 50 75 1000 Explorer 1 1
10 I 660 290 3.14 50 75 1000 Explorer 1 1
11 J 660 330 3.14 50 75 1000 Explorer 1 1
12 K 645 290 3.14 50 75 1000 Explorer 1 1
13 L 675 290 3.14 50 75 1000 Explorer 1 1
