1 BaseStation 350 310 0.0 0 75 1000 BaseStation 1 1
2 A 335 310 -1.57 50 75 1000 Explorer 1 1
3 B 365 310 -1.57 50 75 1000 Explorer 1 1
4 C 335 320 -1.57 50 75 1000 Explorer 1 1
5 D 365 320 -1.57 50 75 1000 Explorer 1 1
6 E 335 300 -1.57 50 75 1000 Explorer 1 1
7 F 365 300 -1.57 50 75 1000 Explorer 1 1
8 G 350 320 -1.57 50 75 1000 Explorer 1 1
9 H 350 300 -1.57 50 75 1000 Explorer 1 1
10 I 350 290 -1.57 50 75 1000 Explorer 1 1
11 J 350 330 -1.57 50 75 1000 Explorer 1 1
12 K 335 290 -1.57 50 75 1000 Explorer 1 1
13 L 365 290 -1.57 50 75 1000 Explorer 1 1
