1 BaseStation 650 110 0.0 0 75 1000 BaseStation 1 1
2 A 635 110 1.57 50 75 1000 Explorer 1 1
3 B 665 110 1.57 50 75 1000 Explorer 1 1
4 C 635 120 1.57 50 75 1000 Explorer 1 1
5 D 665 120 1.57 50 75 1000 Explorer 1 1
6 E 635 100 1.57 50 75 1000 Explorer 1 1
7 F 665 100 1.57 50 75 1000 Explorer 1 1
8 G 650 120 1.57 50 75 1000 Explorer 1 1
9 H 650 100 1.57 50 75 1000 Explorer 1 1
10 I 650 90 1.57 50 75 1000 Explorer 1 1
11 J 650 130 1.57 50 75 1000 Explorer 1 1
12 K 635 90 1.57 50 75 1000 Explorer 1 1
13 L 665 90 1.57 50 75 1000 Explorer 1 1
