16 A 177 16 3 
16 B 146 6 2 
16 C 105 5 1 
16 D 103 6 2 
31 A 109 6 1 
31 B 105 5 2 
31 C 106 6 0 
31 D 103 7 2 
46 A 107 5 1 
46 B 115 6 2 
46 C 110 6 0 
46 D 108 6 1 
61 A 103 6 1 
61 B 105 6 2 
61 C 104 5 1 
61 D 106 5 2 
76 A 117 8 1 
76 B 104 6 2 
76 C 115 5 1 
76 D 112 5 2 
91 A 101 5 1 
91 B 104 5 2 
91 C 102 7 0 
91 D 102 5 2 
106 A 110 5 1 
106 B 103 6 2 
106 C 106 6 0 
106 D 106 6 2 
121 A 178 7 0 
121 B 115 5 2 
121 C 117 6 1 
121 D 108 5 2 
136 A 106 6 1 
136 B 107 5 2 
136 C 108 6 1 
136 D 106 6 1 
151 A 104 5 1 
151 B 114 5 2 
151 C 102 6 0 
151 D 108 5 2 
166 A 101 5 0 
166 B 145 5 1 
166 C 102 5 0 
166 D 103 6 1 
181 A 101 6 0 
181 B 101 6 2 
181 C 105 6 1 
181 D 102 5 2 
16 A 56 16 3 
16 B 55 10 0 
16 C 50 7 2 
31 A 45 5 0 
31 B 45 5 1 
31 C 43 5 1 
46 A 46 5 0 
46 B 48 4 1 
46 C 46 5 1 
61 A 49 6 1 
61 B 50 5 1 
61 C 47 5 2 
76 A 47 5 0 
76 B 50 6 1 
76 C 49 5 2 
91 A 48 5 1 
91 B 50 4 1 
91 C 50 5 1 
106 A 49 5 0 
106 B 50 5 0 
106 C 49 5 1 
121 A 47 5 0 
121 B 47 5 0 
121 C 47 5 1 
136 A 119 9 1 
136 B 69 5 1 
136 C 72 5 1 
151 B 72 6 1 
151 C 74 5 1 
151 D 69 5 1 
161 A 74 6 2 
166 B 75 5 2 
166 D 76 5 0 
176 A 104 5 1 
181 B 75 6 0 
181 C 77 6 1 
181 D 76 6 1 
196 B 75 5 1 
196 C 74 5 1 
196 D 80 5 1 
211 B 75 6 0 
211 C 79 5 1 
211 D 76 5 1 
226 B 77 6 1 
226 C 77 6 0 
226 D 78 5 1 
231 A 77 6 1 
241 B 76 5 0 
241 D 77 6 1 
246 A 136 10 1 
256 B 75 5 0 
256 D 76 5 1 
261 A 75 5 2 
271 C 84 6 1 
271 D 84 5 1 
276 A 77 5 1 
286 C 78 5 0 
286 D 81 5 0 
291 A 78 5 1 
301 C 81 5 1 
301 D 80 5 0 
306 A 80 5 1 
316 C 85 5 1 
316 D 90 7 1 
321 A 85 6 1 
331 C 86 6 1 
331 D 92 5 1 
336 A 85 6 1 
346 C 95 8 1 
346 D 86 5 1 
351 A 88 5 2 
361 C 100 6 0 
361 D 92 5 0 
366 A 92 6 1 
376 C 101 5 1 
376 D 96 7 1 
381 A 95 6 1 
391 C 97 5 1 
391 D 96 6 0 
396 A 97 5 1 
406 C 95 6 1 
406 D 101 5 1 
411 A 96 6 1 
17 B 171 23 3 
31 C 32 21 1 
41 B 39 13 2 
56 B 34 8 3 
71 B 34 4 2 
86 B 39 4 2 
101 B 47 5 2 
116 B 44 6 1 
131 B 60 6 2 
146 B 66 4 2 
161 B 66 8 2 
171 A 65 6 1 
181 B 78 5 2 
191 A 82 11 2 
201 B 90 8 1 
211 A 86 4 2 
221 B 82 5 1 
231 A 82 5 1 
241 B 85 5 1 
251 A 82 5 1 
261 B 82 5 2 
271 A 81 5 1 
281 B 89 5 1 
291 A 80 5 2 
301 B 82 4 1 
311 A 85 5 1 
321 B 85 6 1 
331 A 84 5 1 
341 B 85 5 1 
351 A 82 5 1 
361 B 81 5 1 
17 B 179 16 3 
16 B 31 17 4 
16 C 31 9 2 
31 B 35 8 1 
31 C 34 7 0 
46 B 47 6 1 
16 B 29 6 0 
16 C 28 5 1 
31 B 33 5 1 
31 C 34 6 0 
46 B 40 6 1 
16 C 69 8 1 
16 D 64 7 0 
31 C 113 11 5 
31 D 114 8 1 
46 C 172 7 3 
46 D 169 5 2 
61 C 220 8 1 
61 D 221 7 1 
76 C 252 8 1 
76 D 242 7 1 
16 C 65 5 2 
16 D 66 6 1 
31 C 116 6 4 
31 D 114 6 1 
46 C 166 6 2 
61 C 172 6 1 
76 C 210 6 2 
94 C 232 6 1 
