0 0
1 0
2 0
3 0
18 0
19 0
21 0
17 0
20 0
23 0
22 0
26 2
27 0
24 0
25 0
28 0
34 0
36 0
29 2
35 0
32 23
30 0
31 0
37 0
49 1
50 0
42 0
41 0
46 10
48 0
53 0
58 3
59 1
56 14
52 0
55 0
68 16
71 16
72 17
62 15
63 22
66 0
65 0
83 16
70 15
74 0
79 0
77 39
80 0
78 44
86 0
88 5
92 0
95 1
90 0
89 0
93 0
94 0
105 7
106 2
99 7
102 2
103 7
115 0
124 0
117 0
120 0
113 0
135 0
127 10
129 17
132 0
126 0
123 0
136 0
133 0
144 4
138 4
140 4
148 4
142 8
145 0
151 4
154 4
159 5
158 4
160 0
156 0
165 3
166 2
167 4
168 1
169 3
162 0
164 0
176 4
171 4
172 4
177 22
178 0
0 0
1 0
2 0
3 0
18 0
19 0
21 0
17 0
20 0
23 0
22 0
26 2
27 0
24 0
25 0
28 0
34 0
36 0
29 2
35 0
32 23
30 0
31 0
37 0
0 0
1 0
2 0
3 0
18 0
19 0
21 0
17 0
20 0
23 0
22 0
26 2
27 0
24 0
25 0
28 0
34 0
36 0
29 2
0 0
2 0
3 0
1 0
0 0
1 3
2 0
3 0
11 0
12 0
13 0
10 0
16 0
18 0
14 0
15 0
25 14
21 0
23 23
32 26
33 0
29 0
36 0
34 0
0 0
1 0
2 0
9 0
8 10
10 0
12 0
14 0
15 0
11 0
18 0
19 12
21 0
22 0
20 0
24 0
25 26
26 0
29 13
30 0
32 0
33 0
17 17
16 0
35 0
37 0
36 0
38 0
31 0
39 40
40 0
44 6
47 0
48 0
43 0
53 0
57 5
58 0
56 0
0 0
1 0
2 0
13 0
12 0
14 0
15 0
17 0
18 0
16 0
19 0
22 0
23 0
20 0
21 20
24 6
25 7
26 5
28 16
29 0
27 0
33 8
32 13
35 13
30 13
36 58
38 58
40 30
41 30
39 0
44 0
42 3
45 0
43 0
48 11
49 11
47 11
31 0
50 4
52 1
51 0
56 17
53 17
55 17
54 0
57 0
58 1
59 2
62 0
64 14
66 0
63 0
72 33
70 31
73 0
71 35
77 20
78 21
76 0
80 1
65 0
81 0
82 0
84 8
86 8
83 0
88 11
91 11
0 0
1 3
2 0
3 0
11 0
12 0
13 0
10 0
16 0
18 0
14 0
15 0
25 14
21 0
23 23
32 26
33 0
0 0
1 3
2 0
3 0
11 0
12 0
13 0
10 0
0 0
1 3
2 0
3 0
11 0
12 0
13 0
10 0
16 0
18 0
14 0
15 0
25 14
21 0
23 23
32 26
33 0
29 0
36 0
34 0
31 0
35 0
44 4
42 27
48 0
49 0
50 0
54 0
55 0
57 18
58 0
62 3
63 0
68 5
69 6
0 0
1 3
2 0
3 0
10 0
13 0
14 0
12 0
23 0
17 0
15 0
22 0
27 20
28 21
29 23
32 1
33 7
31 0
40 8
39 9
42 0
48 11
44 4
46 8
0 0
1 0
3 0
13 0
2 0
14 0
15 0
19 0
18 0
21 2
23 2
24 0
17 0
26 0
25 0
27 0
31 0
38 0
34 6
36 8
50 0
51 3
40 0
44 0
54 0
0 0
1 0
3 0
13 0
2 0
14 0
15 0
19 0
18 0
21 2
23 2
24 0
17 0
26 0
25 0
27 0
31 0
38 0
34 6
36 8
50 0
51 3
40 0
44 0
54 0
47 2
46 6
60 2
56 6
63 4
62 0
0 0
1 0
2 0
3 0
13 0
14 0
15 0
18 0
0 0
1 1
2 0
8 0
9 0
10 0
11 0
12 22
13 22
14 0
16 5
15 4
17 0
21 0
19 9
29 11
26 11
30 10
31 0
36 0
37 0
39 10
46 9
49 12
52 3
57 0
33 9
43 0
67 2
66 0
69 17
70 0
73 0
76 0
78 0
77 0
83 0
86 0
0 0
1 1
2 0
8 0
9 0
10 0
11 0
12 22
13 22
14 0
16 5
15 4
17 0
21 0
19 9
29 11
26 11
30 10
31 0
36 0
37 0
39 10
46 9
49 12
52 3
57 0
33 9
43 0
67 2
66 0
69 17
70 0
73 0
76 0
78 0
77 0
83 0
86 0
82 0
91 0
90 0
28 0
23 0
25 0
98 1
99 2
100 0
101 0
0 0
1 1
2 0
8 0
9 0
10 0
11 0
12 22
13 22
14 0
16 5
15 4
17 0
21 0
19 9
29 11
26 11
30 10
31 0
36 0
37 0
39 10
46 9
49 12
52 3
57 0
33 9
43 0
67 2
66 0
69 17
70 0
73 0
76 0
78 0
77 0
83 0
86 0
0 0
1 1
2 0
8 0
9 0
10 0
11 0
12 22
13 22
14 0
16 5
15 4
17 0
21 0
19 9
29 11
26 11
30 10
31 0
36 0
37 0
39 10
46 9
49 12
52 3
57 0
33 9
43 0
67 2
66 0
69 17
70 0
73 0
76 0
78 0
77 0
83 0
86 0
0 0
1 1
2 0
8 0
9 0
10 0
11 0
12 22
13 22
14 0
16 5
15 4
17 0
21 0
19 9
29 11
26 11
30 10
31 0
36 0
37 0
39 10
46 9
49 12
52 3
57 0
33 9
43 0
67 2
66 0
69 17
70 0
73 0
76 0
78 0
77 0
83 0
86 0
0 0
1 1
2 0
8 0
9 0
10 0
11 0
12 22
13 22
14 0
16 5
15 4
17 0
21 0
19 9
29 11
26 11
30 10
31 0
36 0
37 0
39 10
46 9
49 12
52 3
57 0
33 9
43 0
67 2
66 0
69 17
70 0
73 0
76 0
78 0
77 0
83 0
86 0
0 0
1 3
2 0
3 0
13 0
16 0
15 0
17 0
20 0
21 0
19 0
23 0
29 19
30 25
27 0
40 0
35 0
36 0
44 1
43 0
45 0
48 12
50 13
52 0
0 0
1 3
2 0
3 0
13 0
16 0
15 0
17 0
20 0
21 0
19 0
23 0
29 19
30 25
27 0
40 0
35 0
36 0
44 1
43 0
45 0
48 12
50 13
52 0
58 0
60 17
59 0
64 8
63 8
70 1
71 1
80 0
77 0
84 0
82 6
90 0
91 0
0 0
1 3
2 0
3 0
13 0
16 0
17 0
20 0
19 0
24 0
29 39
31 0
35 0
37 0
39 0
47 0
46 0
45 0
56 3
53 2
57 0
64 34
67 0
68 30
73 1
71 0
60 0
84 19
28 0
78 20
26 0
92 9
87 0
0 0
1 3
2 0
3 0
13 0
16 0
17 0
20 0
19 0
24 0
29 39
31 0
35 0
37 0
39 0
0 0
1 3
2 0
3 0
13 0
16 0
17 0
20 0
19 0
24 0
29 39
31 0
35 0
37 0
39 0
0 0
1 3
2 0
3 0
13 0
16 0
17 0
20 0
19 0
24 0
29 39
31 0
35 0
37 0
39 0
0 0
3 0
2 0
0 0
1 2
2 0
3 0
16 0
15 0
14 0
23 0
22 0
21 0
26 0
33 0
32 0
40 5
36 10
38 0
48 0
42 9
46 0
53 9
52 0
51 2
0 0
3 0
1 3
2 0
16 0
17 1
13 0
18 0
22 0
21 5
19 0
0 0
1 3
2 0
3 0
13 0
16 0
17 0
0 0
0 0
1 0
2 0
3 0
13 0
15 0
16 0
17 0
22 0
19 0
21 0
27 0
29 0
28 0
32 0
40 10
37 6
48 0
44 0
47 0
57 25
55 0
60 3
61 1
62 2
0 0
1 0
2 0
3 0
13 0
15 0
0 0
1 0
2 0
3 0
13 0
15 0
16 0
17 0
22 0
19 0
21 0
27 0
29 0
28 0
32 0
40 10
37 6
48 0
44 0
47 0
57 25
55 0
60 3
61 1
62 2
65 1
70 17
71 0
64 7
73 7
74 7
0 0
1 0
2 0
3 0
13 0
15 0
16 0
0 0
1 0
2 0
3 0
13 0
15 0
16 0
17 0
22 0
19 0
21 0
27 0
29 0
28 0
32 0
40 10
37 6
48 0
44 0
47 0
57 25
55 0
60 3
61 1
62 2
0 0
1 0
2 0
3 0
13 0
15 0
16 0
17 0
22 0
19 0
21 0
27 0
29 0
28 0
32 0
40 10
37 6
48 0
44 0
47 0
57 25
55 0
60 3
61 1
62 2
0 0
1 0
2 0
3 0
13 0
15 0
16 0
17 0
22 0
19 0
21 0
27 0
29 0
28 0
32 0
40 10
37 6
48 0
44 0
47 0
0 0
1 0
2 0
3 0
13 0
15 0
16 0
17 0
22 0
19 0
21 0
27 0
29 0
28 0
32 0
40 10
37 6
48 0
44 0
47 0
0 0
1 0
2 0
3 0
13 0
15 0
16 0
17 0
0 0
1 0
2 0
3 0
13 0
15 0
16 0
17 0
0 0
1 0
2 0
3 0
13 0
15 0
16 0
17 0
0 0
1 0
2 0
3 0
13 0
15 0
16 0
17 0
0 0
1 0
2 0
3 0
13 0
15 0
16 0
17 0
0 0
1 0
2 0
3 0
13 0
15 0
16 0
17 0
0 0
1 0
2 0
3 0
13 0
15 0
16 0
17 0
22 0
19 0
21 0
27 0
29 0
28 0
32 0
40 10
37 6
48 0
44 0
47 0
57 25
55 0
60 3
61 1
62 2
65 1
70 17
71 0
0 0
1 0
2 0
3 0
13 0
15 0
16 0
17 0
22 0
19 0
21 0
27 0
29 0
28 0
32 0
40 10
37 6
48 0
44 0
47 0
57 25
55 0
60 3
61 1
62 2
65 1
70 17
71 0
0 0
1 0
2 0
3 0
13 0
15 0
16 0
17 0
22 0
19 0
21 0
27 0
29 0
28 0
32 0
40 10
37 6
48 0
44 0
47 0
57 25
55 0
60 3
61 1
62 2
65 1
70 17
71 0
0 0
1 0
2 0
3 0
13 0
15 0
16 0
17 0
22 0
19 0
21 0
27 0
29 0
28 0
32 0
40 10
37 6
48 0
44 0
47 0
57 25
55 0
60 3
61 1
62 2
65 1
70 17
71 0
0 0
1 0
2 0
3 0
13 0
15 0
16 0
17 0
22 0
19 0
21 0
27 0
29 0
28 0
32 0
40 10
37 6
48 0
44 0
47 0
57 25
55 0
60 3
61 1
62 2
65 1
70 17
71 0
0 0
1 0
2 0
3 0
13 0
15 0
16 0
17 0
22 0
19 0
21 0
27 0
29 0
28 0
32 0
40 10
37 6
48 0
44 0
47 0
57 25
55 0
60 3
61 1
62 2
65 1
70 17
71 0
0 0
1 0
2 0
3 0
13 0
15 0
16 0
17 0
22 0
19 0
21 0
27 0
29 0
28 0
32 0
40 10
37 6
48 0
44 0
47 0
57 25
55 0
60 3
61 1
62 2
65 1
70 17
71 0
0 0
1 0
2 0
3 0
13 0
15 0
16 0
17 0
22 0
19 0
21 0
27 0
29 0
28 0
32 0
40 10
37 6
48 0
44 0
47 0
57 25
55 0
60 3
61 1
62 2
65 1
70 17
71 0
0 0
1 0
2 0
3 0
14 0
16 0
18 0
20 0
23 0
25 0
27 0
33 0
35 0
34 0
39 3
48 0
44 0
45 0
46 0
58 0
56 0
69 22
55 52
74 0
72 0
73 0
78 0
41 0
75 0
79 0
80 9
88 0
96 3
95 19
0 0
1 0
2 0
3 0
14 0
16 0
18 0
20 0
23 0
25 0
27 0
33 0
35 0
34 0
39 3
48 0
44 0
45 0
46 0
58 0
56 0
69 22
55 52
74 0
72 0
73 0
78 0
41 0
75 0
79 0
80 9
88 0
96 3
95 19
0 0
1 0
2 0
3 0
14 0
16 0
0 0
1 0
2 0
3 0
14 0
16 0
0 0
1 0
2 0
3 0
14 0
0 0
1 0
2 0
3 0
14 0
16 0
18 0
20 0
23 0
25 0
0 0
1 0
2 0
5 0
14 0
0 0
1 0
2 0
5 0
14 0
0 0
2 1
1 0
10 7
9 0
11 0
16 2
12 0
21 0
0 0
2 1
1 3
0 0
2 0
1 0
10 0
9 0
3 23
14 0
15 0
16 0
17 0
18 0
19 8
0 0
2 0
1 0
10 0
9 0
3 23
14 0
15 0
16 0
17 0
18 0
19 8
29 0
25 0
23 0
34 0
0 0
2 0
1 0
10 0
9 0
3 23
14 0
15 0
16 0
17 0
18 0
19 8
29 0
25 0
23 0
34 0
0 0
2 0
1 0
10 0
9 0
3 23
14 0
15 0
16 0
17 0
18 0
19 8
29 0
25 0
0 0
2 0
1 0
10 0
9 0
3 23
14 0
15 0
16 0
17 0
18 0
19 8
0 0
2 0
1 0
10 0
9 0
3 23
14 0
15 0
16 0
17 0
18 0
19 8
1 0
0 4
2 0
3 9
12 1
11 0
23 0
1 0
0 4
2 0
3 9
12 1
11 0
23 0
1 0
0 4
2 0
3 9
12 1
11 0
23 0
1 0
0 4
2 0
3 9
12 1
11 0
23 0
1 0
0 4
2 0
3 9
12 1
11 0
23 0
1 0
0 4
2 0
3 9
12 1
11 0
23 0
1 0
0 4
2 0
3 9
12 1
11 0
23 0
1 0
0 4
2 0
3 9
12 1
11 0
23 0
1 0
0 4
2 0
3 9
12 1
11 0
23 0
1 0
0 4
2 0
3 9
12 1
11 0
23 0
1 0
0 4
2 0
3 9
12 1
11 0
23 0
1 0
0 4
2 0
3 9
12 1
11 0
23 0
1 0
0 4
2 0
3 9
12 1
11 0
23 0
1 0
0 4
2 0
3 9
12 1
11 0
23 0
1 0
0 4
2 0
3 9
12 1
11 0
23 0
1 0
0 4
2 0
3 9
12 1
11 0
23 0
1 0
0 4
2 0
3 9
12 1
11 0
23 0
1 0
0 4
2 0
3 9
12 1
11 0
23 0
1 0
0 4
2 0
3 9
12 1
11 0
1 0
0 4
2 0
3 9
12 1
11 0
23 0
1 0
0 4
2 0
3 9
12 1
11 0
23 0
1 0
0 4
2 0
3 9
12 1
11 0
23 0
32 14
20 14
40 6
51 0
52 0
57 3
16 5
4 2
