2 593 550 1 17 123 12
19 351 317 1 22 224 12
43 341 314 1 29 325 12
82 388 336 1 39 382 12
132 638 541 1 52 429 12
175 552 389 1 62 514 12
233 775 512 1 75 604 12
285 874 556 1 84 651 12
344 967 541 1 96 751 12
400 1288 735 2 113 871 12
434 1565 818 2 125 969 12
479 1746 880 2 138 1137 12
564 2199 1150 3 149 1247 12
598 2403 1191 3 162 1316 12
657 2450 1107 3 170 1400 12
715 2902 1381 3 180 1448 12
763 2942 1263 3 188 1524 12
2 2474 2377 3 17 123 12
19 449 397 1 22 224 12
43 367 339 1 29 325 12
82 413 355 1 39 382 12
132 540 440 1 52 429 12
2 421 385 1 17 123 12
19 358 317 1 22 224 12
43 379 348 1 29 325 12
82 400 348 1 39 382 12
2 358 325 1 17 123 12
12 397 319 1 22 163 9
22 382 334 1 28 210 6
2 279 251 1 9 29 4
20 358 341 1 14 76 4
42 395 358 1 20 155 4
59 605 583 1 27 194 4
126 818 778 1 34 241 4
170 1217 1165 2 41 293 4
2 260 258 1 8 27 4
14 249 245 1 11 47 4
40 258 251 1 16 90 4
70 268 258 1 20 115 4
96 299 285 1 23 130 4
178 285 265 1 27 142 4
227 351 319 1 32 171 4
285 311 281 1 35 189 4
318 279 246 1 35 207 4
395 282 244 1 36 219 4
411 318 263 1 39 232 4
503 296 242 1 39 235 4
631 326 268 1 41 241 4
706 375 291 1 46 258 4
725 348 261 1 48 266 4
741 365 269 1 50 276 4
757 377 265 1 53 288 4
788 405 264 1 56 342 4
807 437 296 1 58 366 4
826 502 321 1 60 392 4
849 454 285 1 62 433 4
889 441 278 1 62 444 4
2 268 248 1 12 56 8
16 348 329 1 16 114 8
36 323 296 1 20 139 8
60 356 341 1 24 173 8
95 316 287 1 30 214 8
155 343 298 1 36 242 8
192 393 320 1 42 270 8
297 424 322 1 47 298 8
316 436 325 1 50 330 8
451 471 332 1 53 351 8
479 490 344 1 57 383 8
606 525 360 1 61 409 8
623 1663 1444 2 69 458 8
654 1036 778 2 76 522 8
702 898 594 1 80 590 8
756 662 349 1 81 617 8
777 674 356 1 83 635 8
805 815 460 1 87 653 8
865 1286 853 2 93 693 8
891 1071 590 2 97 714 8
2 326 306 1 9 29 4
20 475 459 1 14 76 4
42 479 442 1 20 155 4
59 608 584 1 27 194 4
126 1357 1313 2 34 241 4
2 312 290 1 9 29 4
20 343 327 1 14 76 4
42 438 398 1 20 155 4
2 2154 2133 3 9 29 4
2 2073 2053 3 9 29 4
2 2072 2054 3 9 29 4
20 2065 2050 3 14 76 4
42 2092 2050 3 20 155 4
59 2048 2024 3 27 194 4
126 2079 2042 3 34 241 4
170 2098 2044 3 41 293 4
203 2108 2041 3 46 342 4
246 2106 2025 3 51 384 4
292 2129 2023 3 56 428 4
313 2139 2022 3 61 449 4
347 2173 2034 3 66 477 4
378 2189 2031 3 69 495 4
406 2183 2028 3 71 502 4
435 2189 2028 3 73 512 4
2 2046 2045 3 8 27 4
2 2041 2039 3 9 29 4
20 2041 2036 3 15 83 4
50 2053 2039 3 24 157 4
74 2056 2027 3 31 215 4
110 2082 2029 3 37 278 4
147 2123 2040 3 43 328 4
201 2191 2024 3 53 438 4
225 2266 2022 3 53 438 4
230 2263 2021 3 53 438 4
235 2268 2021 3 53 438 4
240 2258 2022 3 53 438 4
245 2256 2022 3 53 438 4
250 2271 2022 3 53 438 4
255 2267 2028 3 53 438 4
260 2255 2022 3 53 438 4
265 2265 2021 3 53 438 4
270 2260 2022 3 53 438 4
275 2257 2019 3 53 438 4
280 2300 2022 3 53 438 4
2 2094 2071 3 13 67 8
12 2094 2041 3 19 92 5
27 2070 2033 3 25 150 4
43 2109 2056 3 33 268 4
60 2176 2054 3 46 414 5
76 2214 2043 3 52 523 4
92 2273 2028 3 59 667 4
2 2042 2039 3 13 72 8
106 2341 2037 3 13 72 8
2 2107 2082 3 13 67 8
12 2081 2038 3 19 92 5
27 2079 2042 3 25 150 4
43 2094 2036 3 33 268 4
60 2154 2031 3 46 414 5
76 2197 2025 3 52 523 4
92 2272 2035 3 59 667 4
106 2313 2023 3 59 667 4
111 2316 2037 3 65 783 6
128 2436 2032 3 76 879 4
146 2543 2045 3 84 974 4
2 2041 2038 3 13 71 8
12 2040 2036 3 14 55 5
22 2046 2043 3 15 91 7
32 2046 2043 3 16 87 6
42 2042 2036 3 18 118 7
52 2046 2033 3 21 102 4
2 2083 2060 3 8 20 4
17 2036 2029 3 10 42 4
34 2057 2044 3 12 65 4
60 2054 2042 3 15 76 4
112 2046 2033 3 19 97 4
158 2056 2033 3 26 138 4
183 2057 2026 3 30 159 4
238 2131 2039 3 34 181 4
267 2139 2033 3 39 205 4
283 2168 2039 3 44 228 4
309 2207 2054 3 48 264 4
335 2229 2034 3 52 316 4
361 2244 2022 3 57 396 4
387 2269 2025 3 61 452 4
404 2321 2055 3 64 511 4
476 2353 2032 3 68 618 4
504 2369 2022 3 71 630 4
535 2460 2031 3 75 659 4
565 2503 2029 3 78 672 4
579 2522 2021 3 80 683 4
595 2573 2024 3 82 692 4
628 2612 2021 3 85 713 4
644 2693 2038 3 89 737 4
660 2707 2021 3 89 737 4
665 2698 2022 3 89 737 4
670 2700 2026 3 89 737 4
675 2713 2033 3 89 737 4
680 2724 2034 3 89 737 4
685 2699 2027 3 89 737 4
690 2704 2021 3 89 737 4
2 339 322 1 8 20 4
17 261 255 1 10 42 4
34 308 297 1 12 65 4
60 259 247 1 15 76 4
112 281 268 1 19 97 4
158 466 439 1 26 138 4
183 361 327 1 30 159 4
238 503 399 1 34 181 4
267 620 513 1 39 205 4
283 637 505 1 44 228 4
309 781 628 1 48 264 4
335 727 539 1 52 316 4
361 661 438 1 57 396 4
387 1027 778 2 61 452 4
404 1559 1293 2 64 511 4
476 813 488 1 68 618 4
504 822 458 1 71 630 4
535 1235 805 2 75 659 4
565 922 458 1 78 672 4
579 1546 1056 2 80 683 4
595 1151 611 2 82 692 4
628 1064 476 2 85 713 4
644 1579 872 2 89 737 4
660 4040 3364 5 90 749 4
694 1311 534 2 93 806 4
711 2563 1703 3 97 826 4
739 3194 2263 4 98 868 4
812 1478 493 2 100 890 4
831 1464 430 2 103 907 4
896 1545 453 2 105 917 4
2 2071 2051 3 8 20 4
17 2052 2040 3 10 42 4
34 2097 2084 3 12 65 4
60 2061 2049 3 15 76 4
112 2057 2045 3 19 97 4
158 2060 2034 3 26 138 4
183 2059 2026 3 30 159 4
238 2104 2038 3 34 181 4
267 2080 2023 3 39 205 4
283 2092 2025 3 44 228 4
309 2104 2023 3 48 264 4
335 2136 2028 3 52 316 4
361 2140 2027 3 57 396 4
387 2154 2028 3 61 452 4
404 2165 2030 3 64 511 4
476 2200 2028 3 68 618 4
504 2215 2039 3 71 630 4
535 2247 2033 3 75 659 4
565 2282 2027 3 78 672 4
579 2281 2036 3 80 683 4
595 2567 2036 3 82 692 4
628 2620 2023 3 85 713 4
644 2691 2034 3 89 737 4
660 2689 2019 3 89 737 4
665 2691 2021 3 89 737 4
670 2699 2023 3 89 737 4
675 2707 2030 3 89 737 4
680 2702 2029 3 89 737 4
685 2688 2021 3 89 737 4
690 2690 2020 3 89 737 4
695 2705 2032 3 89 737 4
700 2686 2022 3 89 737 4
705 2691 2021 3 89 737 4
710 2693 2021 3 89 737 4
715 2689 2022 3 89 737 4
720 2702 2022 3 89 737 4
725 2690 2022 3 89 737 4
730 2696 2022 3 89 737 4
735 2698 2019 3 89 737 4
740 2702 2022 3 89 737 4
745 2688 2020 3 89 737 4
750 2690 2022 3 89 737 4
755 2696 2022 3 89 737 4
760 2693 2025 3 89 737 4
765 3029 2025 4 89 737 4
770 2693 2023 3 89 737 4
775 2693 2023 3 89 737 4
780 2702 2021 3 89 737 4
785 2683 2021 3 89 737 4
790 2683 2019 3 89 737 4
795 2684 2020 3 89 737 4
800 2698 2019 3 89 737 4
805 2690 2022 3 89 737 4
810 2689 2021 3 89 737 4
815 2686 2021 3 89 737 4
2 2075 2050 3 8 20 4
17 2054 2046 3 10 42 4
34 2059 2047 3 12 65 4
60 2049 2037 3 15 76 4
112 2043 2031 3 19 97 4
158 2059 2034 3 26 138 4
183 2060 2026 3 30 159 4
238 2102 2033 3 34 181 4
267 2080 2025 3 39 205 4
283 2109 2041 3 44 228 4
309 2104 2025 3 48 264 4
335 2143 2037 3 52 316 4
361 2136 2022 3 57 396 4
387 2161 2036 3 61 452 4
404 2172 2027 3 64 511 4
476 2213 2042 3 68 618 4
504 2207 2021 3 71 630 4
535 2246 2022 3 75 659 4
565 2265 2026 3 78 672 4
579 2283 2029 3 80 683 4
595 2313 2039 3 82 692 4
628 2318 2029 3 85 713 4
644 2370 2041 3 89 737 4
660 2349 2019 3 89 737 4
665 2350 2020 3 89 737 4
670 2366 2025 3 89 737 4
675 2372 2021 3 89 737 4
680 2376 2035 3 89 737 4
685 2348 2023 3 89 737 4
690 2366 2023 3 89 737 4
695 2367 2029 3 89 737 4
2 2096 2077 3 8 20 4
17 2042 2033 3 10 42 4
34 2051 2038 3 12 65 4
60 2052 2041 3 15 76 4
112 2060 2048 3 19 97 4
158 2070 2045 3 26 138 4
183 2071 2038 3 30 159 4
238 2125 2032 3 34 181 4
267 2143 2036 3 39 205 4
283 2183 2038 3 44 228 4
309 2181 2022 3 48 264 4
335 2219 2028 3 52 316 4
361 2248 2021 3 57 396 4
387 2291 2034 3 61 452 4
404 2307 2030 3 64 511 4
476 2350 2027 3 68 618 4
504 2400 2040 3 71 630 4
535 2457 2023 3 75 659 4
565 2491 2023 3 78 672 4
579 2518 2022 3 80 683 4
595 2572 2025 3 82 692 4
628 2608 2023 3 85 713 4
644 2698 2030 3 89 737 4
660 2699 2020 3 89 737 4
665 2693 2022 3 89 737 4
670 2700 2022 3 89 737 4
2 2057 2043 3 8 20 4
17 2043 2029 3 10 42 4
34 2049 2036 3 12 65 4
60 2044 2033 3 15 76 4
112 2043 2029 3 19 97 4
158 2047 2023 3 26 138 4
183 2067 2032 3 30 159 4
238 2097 2041 3 34 181 4
267 2099 2043 3 39 205 4
283 2098 2029 3 44 228 4
309 2102 2025 3 48 264 4
335 2136 2033 3 52 316 4
361 2161 2043 3 57 396 4
387 2189 2057 3 61 452 4
404 2174 2032 3 64 511 4
476 2203 2037 3 68 618 4
504 2202 2021 3 71 630 4
535 2239 2022 3 75 659 4
565 2251 2022 3 78 672 4
579 2278 2033 3 80 683 4
595 2614 2078 3 82 692 4
628 2617 2021 3 85 713 4
644 2708 2048 3 89 737 4
660 2688 2019 3 89 737 4
665 2693 2022 3 89 737 4
670 2715 2026 3 89 737 4
675 2708 2024 3 89 737 4
680 2712 2028 3 89 737 4
685 2686 2021 3 89 737 4
690 2690 2020 3 89 737 4
695 2705 2026 3 89 737 4
2 2063 2043 3 9 22 4
3 2059 2049 3 13 69 4
20 2053 2026 3 19 153 4
40 2083 2036 3 25 262 4
73 2098 2053 3 35 358 4
136 2103 2037 3 41 423 4
157 2131 2029 3 47 485 4
215 2180 2040 3 53 556 4
243 2260 2025 3 53 556 4
248 2246 2023 3 53 556 4
253 2265 2021 3 53 556 4
258 2242 2021 3 53 556 4
263 2241 2021 3 53 556 4
268 2242 2022 3 53 556 4
273 2246 2023 3 53 556 4
278 2238 2019 3 53 556 4
283 2242 2020 3 53 556 4
288 2240 2021 3 53 556 4
293 2243 2022 3 53 556 4
298 2241 2020 3 53 556 4
303 2247 2021 3 53 556 4
308 2249 2021 3 53 556 4
313 2256 2026 3 53 556 4
318 2240 2022 3 53 556 4
323 2246 2022 3 53 556 4
328 2243 2023 3 53 556 4
333 2242 2021 3 53 556 4
338 2242 2023 3 53 556 4
343 2239 2022 3 53 556 4
348 2239 2022 3 53 556 4
353 2238 2021 3 53 556 4
358 2242 2025 3 53 556 4
363 2247 2026 3 53 556 4
368 2249 2028 3 53 556 4
373 2260 2033 3 53 556 4
378 2244 2023 3 53 556 4
383 2241 2023 3 53 556 4
388 2236 2021 3 53 556 4
393 2241 2023 3 53 556 4
398 2236 2020 3 53 556 4
403 2238 2021 3 53 556 4
408 2247 2024 3 53 556 4
413 2241 2019 3 53 556 4
418 2236 2020 3 53 556 4
423 2238 2021 3 53 556 4
428 2241 2025 3 53 556 4
433 2241 2024 3 53 556 4
438 2243 2022 3 53 556 4
443 2238 2021 3 53 556 4
2 347 312 1 9 22 4
3 260 244 1 13 69 4
20 584 521 1 19 153 4
40 881 836 1 25 262 4
73 2407 2355 3 35 358 4
136 838 758 1 41 423 4
157 1103 997 2 47 485 4
215 2349 2191 3 53 556 4
243 6515 6258 7 61 719 4
275 1621 1246 2 68 780 4
303 3087 2609 4 77 864 4
319 10677 10102 11 82 894 4
398 7144 6368 8 90 1026 4
420 8599 7682 9 94 1089 4
439 962 18 1 94 1089 4
444 972 26 1 94 1089 4
449 964 24 1 94 1089 4
454 1106 18 2 94 1089 4
459 944 16 1 94 1089 4
2 223 206 1 9 22 4
3 216 204 1 13 69 4
19 575 451 1 19 137 3
33 447 388 1 26 247 3
50 1797 1744 2 36 392 3
102 1445 1397 2 40 466 4
132 2878 2789 3 50 586 4
193 5025 4871 6 59 735 4
222 5303 5040 6 70 858 4
271 9473 9097 10 77 998 4
290 6410 5850 7 86 1229 4
325 6506 5772 7 94 1445 4
349 4931 4034 5 97 1553 4
2 2108 2087 3 9 22 4
3 2044 2031 3 13 69 4
19 2071 2030 3 19 137 3
33 2109 2049 3 26 247 3
50 2094 2037 3 36 392 3
102 2107 2056 3 40 466 4
132 2112 2024 3 40 466 4
137 2127 2041 3 40 466 4
142 2116 2028 3 40 466 4
147 2106 2021 3 40 466 4
152 2102 2021 3 40 466 4
157 2109 2023 3 40 466 4
162 2112 2024 3 40 466 4
167 2109 2021 3 40 466 4
172 2105 2021 3 40 466 4
177 2104 2023 3 40 466 4
182 2102 2020 3 40 466 4
187 2104 2021 3 40 466 4
192 2102 2022 3 40 466 4
2 2051 2043 3 9 22 4
3 2032 2027 3 13 69 4
19 2032 2025 3 19 137 3
33 2043 2024 3 26 247 3
50 2089 2043 3 36 392 3
102 2087 2040 3 40 466 4
132 2111 2022 3 40 466 4
137 2102 2021 3 40 466 4
142 2109 2021 3 40 466 4
147 2105 2022 3 40 466 4
2 2088 2048 3 9 22 4
3 2043 2033 3 13 69 4
19 2084 2037 3 19 137 3
33 2071 2042 3 26 247 3
50 2115 2060 3 36 392 3
102 2096 2045 3 40 466 4
132 2112 2022 3 40 466 4
137 2112 2026 3 40 466 4
142 2105 2021 3 40 466 4
147 2112 2025 3 40 466 4
152 2108 2024 3 40 466 4
157 2102 2020 3 40 466 4
2 2076 2059 3 8 15 4
3 2046 2036 3 12 56 4
2 2081 2061 3 9 22 4
3 2041 2031 3 13 69 4
2 2053 2036 3 9 22 4
3 2046 2036 3 13 69 4
2 2055 2035 3 9 22 4
3 2064 2055 3 13 69 4
28 2106 2057 3 18 135 3
47 2128 2029 3 26 259 3
65 2093 2032 3 35 389 3
98 2118 2028 3 42 504 4
148 2182 2038 3 49 611 4
185 2240 2036 3 55 656 4
268 2373 2030 3 55 656 4
273 2329 2022 3 55 656 4
278 2344 2038 3 55 656 4
283 2325 2024 3 55 656 4
2 2058 2040 3 9 22 4
3 2039 2030 3 13 69 4
38 2075 2031 3 19 151 4
61 2093 2046 3 25 228 3
90 2069 2025 3 32 326 4
2 2093 2062 3 9 22 4
3 2039 2031 3 13 58 4
2 2063 2040 3 9 22 4
3 2041 2030 3 13 69 4
19 2073 2031 3 19 137 3
33 2113 2054 3 26 247 3
2 2057 2037 3 9 22 4
3 2048 2035 3 13 69 4
2 2062 2042 3 9 22 4
3 2040 2030 3 13 69 4
12 2092 2037 3 19 99 1
16 2038 2027 3 19 118 1
19 2046 2033 3 19 120 1
20 2049 2035 3 19 120 1
24 2067 2042 3 25 215 1
27 2050 2034 3 25 229 1
32 2062 2048 3 25 231 1
36 2079 2031 3 32 342 1
42 2059 2029 3 32 355 1
45 2056 2030 3 32 358 1
54 2108 2045 3 42 547 3
57 2095 2021 3 42 521 1
71 2159 2037 3 49 649 1
79 2141 2033 3 49 687 2
96 2206 2023 3 58 830 2
137 2280 2028 3 64 1018 4
153 2419 2022 3 64 1018 4
158 2440 2021 3 64 1018 4
163 2419 2021 3 64 1018 4
168 2411 2020 3 64 1018 4
173 2411 2022 3 64 1018 4
178 2424 2023 3 64 1018 4
2 2060 2041 3 9 22 4
3 2058 2046 3 13 69 4
12 2101 2051 3 19 99 1
16 2075 2061 3 19 118 1
19 2065 2054 3 19 120 1
20 2074 2065 3 19 120 1
24 2087 2062 3 25 215 1
27 2053 2036 3 25 229 1
2 212 184 1 9 22 4
3 200 188 1 13 69 4
12 220 176 1 19 99 1
16 190 181 1 19 118 1
19 231 222 1 19 120 1
20 244 234 1 19 120 1
24 292 268 1 25 215 1
27 201 186 1 25 229 1
32 204 191 1 25 231 1
36 277 233 1 32 342 1
42 221 191 1 32 355 1
45 213 187 1 32 358 1
54 861 796 1 42 547 3
57 273 205 1 42 521 1
71 342 226 1 49 649 1
79 536 427 1 49 687 2
96 747 565 1 58 830 2
137 1960 1711 2 64 1018 4
153 7847 7452 8 73 1114 4
184 5575 5063 6 79 1191 4
231 5068 4416 6 84 1303 4
2 214 196 1 9 22 4
3 236 222 1 13 69 4
12 237 190 1 19 99 1
16 198 185 1 19 118 1
19 243 234 1 19 120 1
20 188 178 1 19 120 1
24 281 231 1 25 215 1
27 221 208 1 25 229 1
32 221 204 1 25 231 1
2 2068 2043 3 9 22 4
3 2062 2052 3 13 69 4
12 2089 2040 3 19 99 1
16 2061 2051 3 19 118 1
19 2078 2047 3 19 120 1
20 2047 2037 3 19 120 1
24 2070 2044 3 25 215 1
27 2040 2024 3 25 229 1
32 2048 2036 3 25 231 1
36 2085 2038 3 32 342 1
42 2064 2034 3 32 355 1
45 2065 2032 3 32 358 1
54 2093 2027 3 42 547 3
57 2097 2022 3 42 521 1
71 2153 2029 3 49 649 1
79 2127 2025 3 49 687 2
96 2211 2029 3 58 830 2
137 2278 2026 3 64 1018 4
153 2455 2024 3 64 1018 4
158 2411 2022 3 64 1018 4
163 2406 2021 3 64 1018 4
168 2417 2023 3 64 1018 4
173 2404 2020 3 64 1018 4
2 2052 2034 3 9 22 4
3 2039 2029 3 13 69 4
12 2091 2041 3 19 99 1
16 2061 2046 3 19 118 1
19 2055 2042 3 19 120 1
20 2041 2031 3 19 120 1
24 2064 2039 3 25 215 1
27 2041 2028 3 25 229 1
32 2055 2040 3 25 231 1
36 2075 2032 3 32 342 1
42 2059 2028 3 32 355 1
45 2056 2029 3 32 358 1
54 2086 2024 3 42 547 3
57 2096 2027 3 42 521 1
71 2164 2049 3 49 649 1
79 2140 2030 3 49 687 2
96 2219 2040 3 58 830 2
137 2273 2023 3 64 1018 4
153 2415 2021 3 64 1018 4
158 2411 2020 3 64 1018 4
163 2411 2026 3 64 1018 4
2 2071 2052 3 9 22 4
3 2051 2041 3 13 58 4
2 2062 2041 3 9 22 4
3 2055 2046 3 13 58 4
2 2066 2043 3 9 22 4
3 2052 2043 3 13 58 4
2 2072 2047 3 9 22 4
3 2047 2032 3 13 69 4
12 2115 2040 3 19 99 1
16 2048 2040 3 19 118 1
19 2040 2031 3 19 120 1
20 2042 2034 3 19 120 1
24 2059 2029 3 25 215 1
27 2045 2032 3 25 229 1
32 2046 2034 3 25 231 1
36 2083 2044 3 32 342 1
42 2056 2026 3 32 355 1
45 2070 2043 3 32 358 1
54 2101 2036 3 42 547 3
57 2101 2033 3 42 521 1
71 2154 2036 3 49 649 1
79 2135 2025 3 49 687 2
96 2210 2026 3 58 830 2
2 2066 2039 3 9 22 4
3 2042 2031 3 13 69 4
12 2085 2039 3 19 99 1
16 2061 2041 3 19 118 1
19 2051 2040 3 19 120 1
20 2048 2039 3 19 120 1
24 2082 2040 3 25 215 1
27 2053 2039 3 25 229 1
32 2053 2038 3 25 231 1
36 2083 2041 3 32 342 1
42 2054 2027 3 32 355 1
45 2071 2043 3 32 358 1
54 2104 2039 3 42 547 3
57 2104 2034 3 42 521 1
71 2141 2022 3 49 649 1
79 2149 2042 3 49 687 2
96 2203 2024 3 58 830 2
2 2080 2053 3 9 22 4
3 2043 2034 3 13 69 4
12 2106 2053 3 19 99 1
16 2068 2057 3 19 118 1
19 2040 2032 3 19 120 1
20 2052 2045 3 19 120 1
24 2058 2033 3 25 215 1
27 2058 2045 3 25 229 1
32 2040 2029 3 25 231 1
36 2064 2025 3 32 342 1
2 2053 2036 3 9 22 4
3 2038 2030 3 13 69 4
12 2082 2035 3 19 99 1
16 2054 2044 3 19 118 1
19 2048 2038 3 19 120 1
20 2038 2028 3 19 120 1
24 2086 2061 3 25 215 1
27 2054 2042 3 25 229 1
32 2045 2032 3 25 231 1
36 2066 2027 3 32 342 1
2 2050 2033 3 9 22 4
3 2066 2054 3 13 69 4
12 2090 2034 3 19 99 1
16 2051 2038 3 19 118 1
19 2054 2043 3 19 120 1
20 2046 2032 3 19 120 1
24 2055 2031 3 25 215 1
27 2058 2043 3 25 229 1
32 2038 2027 3 25 231 1
36 2070 2025 3 32 342 1
2 2053 2039 3 9 22 4
3 2041 2031 3 13 69 4
12 2104 2053 3 19 99 1
16 2047 2034 3 19 118 1
19 2037 2029 3 19 120 1
20 2049 2040 3 19 120 1
24 2050 2025 3 25 215 1
27 2040 2024 3 25 229 1
32 2042 2029 3 25 231 1
36 2073 2033 3 32 342 1
2 2060 2040 3 9 22 4
3 2039 2029 3 13 69 4
12 2077 2034 3 19 99 1
16 2048 2033 3 19 118 1
19 2058 2048 3 19 120 1
20 2044 2034 3 19 120 1
24 2063 2038 3 25 215 1
27 2042 2028 3 25 229 1
32 2040 2028 3 25 231 1
36 2069 2030 3 32 342 1
2 216 190 1 9 22 4
3 218 208 1 13 69 4
12 281 230 1 19 99 1
16 207 192 1 19 118 1
19 234 222 1 19 120 1
20 192 186 1 19 120 1
24 272 249 1 25 215 1
27 209 192 1 25 229 1
32 201 189 1 25 231 1
36 250 208 1 32 342 1
2 225 206 1 9 22 4
3 212 202 1 13 69 4
12 248 197 1 19 99 1
16 219 203 1 19 118 1
19 253 242 1 19 120 1
20 200 189 1 19 120 1
24 269 243 1 25 215 1
27 204 189 1 25 229 1
32 211 196 1 25 231 1
36 241 198 1 32 342 1
42 223 193 1 32 355 1
45 233 207 1 32 358 1
54 874 811 1 42 547 3
57 270 201 1 42 521 1
71 340 221 1 49 649 1
79 517 411 1 49 687 2
96 750 569 1 58 830 2
137 1952 1703 2 64 1018 4
153 7745 7349 8 73 1114 4
184 5601 5088 6 79 1191 4
2 2071 2010 3 9 22 4
3 223 213 1 13 69 4
12 454 361 1 19 99 1
16 207 193 1 19 118 1
19 279 264 1 19 120 1
20 191 185 1 19 120 1
24 313 260 1 25 215 1
27 204 190 1 25 229 1
32 221 204 1 25 231 1
36 303 262 1 32 342 1
42 222 192 1 32 355 1
45 268 234 1 32 358 1
54 927 858 1 42 547 3
57 270 200 1 42 521 1
71 352 224 1 49 649 1
79 512 409 1 49 687 2
96 726 546 1 58 830 2
137 1993 1745 2 64 1018 4
153 7923 7529 8 73 1114 4
184 5764 5255 6 79 1191 4
